1	2
4	6
5	6
6	7
3	10
9	10
9	11
9	12
10	13
10	14
17	18
18	19
28	29
29	30
30	31
31	32
31	33
31	34
35	36
9	37
39	40
39	41
37	44
31	45
42	45
43	45
47	48
47	49
47	50
47	51
47	52
54	55
54	56
54	57
39	62
62	63
35	65
59	65
65	66
27	67
26	68
69	72
69	73
70	73
71	73
74	78
77	78
30	79
75	79
78	79
76	80
79	80
21	82
81	82
81	83
24	84
83	84
46	85
64	85
86	87
88	89
88	90
88	91
58	92
9	94
39	94
94	95
20	96
47	97
59	98
65	98
99	100
86	101
101	102
101	103
36	105
66	105
104	105
54	107
106	107
107	108
107	109
106	110
106	111
10	114
113	114
20	115
82	115
8	116
22	116
116	117
116	118
118	119
120	121
29	122
38	122
24	123
93	123
123	125
124	125
46	126
112	126
64	127
15	130
26	130
90	133
91	133
131	133
132	133
47	134
100	134
124	135
134	135
46	136
137	138
41	139
137	139
137	140
80	142
116	143
123	143
89	146
92	146
94	147
86	149
101	149
148	149
142	150
150	151
150	152
150	153
154	155
69	156
154	156
54	158
156	159
157	159
158	159
35	160
65	160
20	161
36	161
66	161
160	161
44	162
117	164
163	164
106	165
120	165
165	168
166	168
167	168
22	171
25	171
112	171
126	171
170	172
171	172
39	173
136	174
8	175
123	175
113	176
10	177
18	177
176	177
22	178
116	178
20	179
21	179
61	179
96	179
47	180
93	180
179	180
179	181
179	182
179	183
179	184
39	185
130	185
61	186
185	186
126	187
127	187
187	189
186	191
188	191
189	191
186	192
189	192
190	192
16	193
60	193
141	194
144	194
141	195
139	196
22	197
87	197
196	197
53	198
59	199
66	200
115	200
199	200
25	201
128	201
145	201
171	201
196	201
197	201
30	202
201	202
30	203
201	203
196	204
147	205
97	206
204	206
10	207
58	207
150	208
120	209
156	209
209	210
69	211
211	212
101	213
144	213
213	214
31	216
23	217
63	217
67	217
68	217
216	217
217	218
129	219
173	219
215	219
216	219
219	220
165	221
217	221
165	222
219	222
116	223
223	224
223	225
87	226
95	226
116	226
45	227
226	227
195	228
226	228
169	229
194	229
226	229
173	230
217	230
84	231
130	231
171	231
106	232
232	233
16	234
60	234
106	234
193	234
234	240
235	240
238	240
234	241
235	241
239	241
86	242
234	243
236	243
237	243
242	244
128	246
145	246
174	246
86	247
205	247
228	247
211	248
248	249
215	250
231	250
17	251
129	251
87	252
139	252
223	252
169	253
247	253
254	255
129	256
162	256
173	256
165	257
232	257
254	257
54	259
257	260
258	260
259	260
53	261
128	261
69	262
106	262
248	262
19	264
235	264
88	266
264	266
88	267
264	267
262	268
263	268
264	268
262	269
264	269
265	269
38	270
204	270
15	271
27	271
165	272
209	272
272	273
5	274
64	274
123	274
196	274
197	274
198	274
245	274
142	275
164	275
208	275
274	275
5	276
175	276
235	277
275	277
200	279
278	279
81	280
278	280
281	282
283	284
285	290
289	290
290	291
287	292
292	293
295	296
289	297
295	297
298	299
297	300
301	302
304	305
307	308
307	309
303	310
303	312
288	314
314	315
282	316
285	317
316	317
316	318
315	319
316	319
301	320
304	320
310	321
321	322
323	324
323	325
289	326
318	327
326	327
326	328
329	330
282	331
294	331
316	331
329	332
315	334
319	334
333	334
316	335
288	336
292	336
318	337
327	337
336	337
338	339
292	340
314	340
335	340
336	340
298	341
341	342
299	343
287	344
294	344
336	344
311	345
345	346
284	347
318	347
337	347
338	347
346	347
313	348
311	349
326	350
349	350
298	351
323	351
343	351
284	352
347	352
351	352
351	353
307	354
354	355
332	356
356	357
286	358
326	358
306	359
357	359
349	360
346	361
360	361
301	362
362	363
360	364
283	365
364	365
281	366
303	366
304	366
310	366
312	366
320	366
302	367
348	367
366	367
367	368
367	369
292	370
297	370
300	370
314	370
316	371
336	371
364	372
372	373
286	374
306	375
307	375
327	375
354	375
374	375
374	376
377	378
377	379
379	380
379	381
386	387
387	388
378	389
387	390
379	391
383	391
389	391
389	393
392	393
393	394
393	395
388	396
396	397
390	398
388	399
398	399
379	400
400	401
387	402
393	403
396	404
404	405
377	407
407	408
407	409
385	410
391	411
400	411
393	412
403	412
411	412
410	414
388	415
388	416
388	417
408	417
415	417
416	417
378	418
412	418
417	418
377	419
407	419
377	420
379	420
382	421
387	421
410	421
402	422
399	423
422	423
396	424
424	425
388	426
396	426
423	426
379	427
384	427
400	427
388	428
415	428
416	428
428	429
406	430
422	430
430	431
396	432
413	432
431	432
390	433
421	433
433	434
407	435
410	435
417	435
436	437
441	442
444	445
446	447
439	448
440	448
446	449
150	450
449	450
436	452
451	452
453	454
451	457
455	457
451	458
456	458
457	458
436	459
452	459
453	459
459	460
444	461
463	464
462	465
444	466
461	466
439	467
467	468
467	470
469	470
448	471
467	471
441	472
471	472
439	473
438	475
459	475
474	475
475	476
444	477
461	477
470	477
438	478
444	478
466	478
475	478
477	478
473	479
475	480
474	481
479	481
480	481
459	482
463	483
473	484
483	484
462	485
473	485
443	486
471	486
484	487
482	488
483	488
487	488
1	489
436	489
459	489
459	491
475	491
490	491
490	492
490	493
446	494
468	494
450	495
460	495
469	495
476	495
494	495
496	497
498	499
500	501
383	502
498	502
501	502
496	505
504	505
497	506
504	506
504	507
497	509
506	509
508	509
509	510
500	511
501	512
511	512
511	514
513	514
496	515
497	516
502	516
515	516
506	522
518	522
519	522
510	523
520	523
521	523
522	523
501	525
515	525
511	526
500	527
503	528
514	528
517	528
524	529
528	529
528	530
509	531
528	531
508	532
526	532
528	532
510	533
526	534
527	534
528	534
534	535
525	536
537	538
537	539
527	540
528	541
502	542
531	542
528	543
501	544
538	544
540	544
528	545
537	546
540	546
546	547
512	548
515	548
526	548
549	550
134	551
549	552
551	554
552	554
553	554
553	555
552	556
552	557
553	558
134	559
559	560
560	561
553	562
560	562
100	564
563	564
553	566
565	566
449	567
554	567
550	570
569	570
549	571
569	571
571	572
572	573
573	574
573	575
573	576
573	577
553	578
561	578
569	579
571	579
550	580
579	580
562	581
578	581
552	582
579	582
581	582
583	584
583	585
551	586
564	586
568	586
450	587
587	588
587	589
552	590
568	590
571	590
560	591
570	591
580	591
590	591
550	592
553	592
566	592
578	592
583	592
594	595
79	597
596	597
598	599
600	601
601	603
602	603
605	606
593	607
606	607
602	608
606	609
607	609
609	610
605	614
88	615
614	615
600	616
601	617
616	617
598	618
607	618
612	619
605	620
614	620
88	621
606	621
598	622
603	622
608	622
617	622
599	623
621	623
622	623
622	624
622	625
622	626
622	627
622	628
622	629
594	630
612	630
613	630
630	631
594	632
611	632
612	632
631	633
632	633
613	634
631	635
634	635
636	637
600	638
611	640
632	640
639	640
611	641
632	641
641	642
640	643
600	648
608	648
644	648
645	648
646	648
601	649
603	649
618	649
622	649
647	649
648	649
79	650
131	650
132	650
633	650
635	650
616	651
638	651
651	652
650	653
650	654
650	655
650	656
604	657
609	657
611	658
637	658
597	659
658	659
613	660
634	660
660	661
617	662
622	662
652	662
594	663
596	663
604	663
637	663
639	663
640	663
641	663
79	664
599	664
633	664
659	664
663	664
593	665
594	665
604	665
133	666
596	666
630	667
632	667
661	667
669	670
671	672
673	674
674	675
677	678
677	679
678	680
679	680
680	681
678	683
668	684
687	688
688	689
691	692
693	694
343	696
696	697
698	699
546	700
678	701
701	702
2	706
688	706
709	710
686	711
688	711
712	713
712	714
713	715
719	720
698	723
722	723
679	725
680	726
712	726
720	726
725	726
713	727
726	727
725	728
726	729
727	730
685	731
717	731
720	731
731	732
731	733
731	735
671	736
680	737
696	737
682	738
318	739
738	739
687	740
688	741
688	742
688	743
690	744
671	748
703	748
695	749
749	750
745	751
671	752
751	752
754	755
731	756
735	756
747	756
757	758
758	759
757	760
758	760
404	762
736	763
721	764
676	765
684	765
765	766
708	767
731	767
734	767
686	768
703	768
752	769
749	771
770	771
769	774
773	774
721	777
674	778
727	778
752	779
406	781
688	782
760	784
783	784
782	785
542	786
764	786
533	787
681	787
760	787
786	787
718	788
721	789
788	790
789	790
765	791
791	792
689	793
776	793
778	793
793	794
793	795
537	796
718	796
670	798
797	798
698	799
716	799
413	800
671	801
753	802
801	802
677	803
777	805
805	806
775	807
808	809
424	811
746	811
783	811
810	811
723	813
812	813
669	814
708	814
804	814
812	815
784	816
808	816
816	817
674	818
778	818
808	818
818	819
799	820
705	821
776	821
820	821
731	822
756	822
761	822
822	823
672	824
793	824
802	824
822	825
688	826
708	827
827	828
720	830
688	831
775	831
831	832
676	833
690	834
766	834
785	834
833	834
793	835
818	835
834	835
833	836
834	837
774	838
813	838
753	839
821	839
838	839
418	840
705	840
684	841
772	841
688	842
726	842
841	842
686	843
831	843
713	845
739	845
823	845
844	845
803	846
683	847
783	847
846	847
708	848
827	848
848	849
719	850
841	850
680	852
701	852
786	852
805	852
852	853
717	854
708	855
726	855
767	855
855	856
831	857
798	858
824	858
857	858
759	859
810	859
846	859
778	860
793	860
832	860
858	860
772	861
842	862
861	862
670	863
707	863
856	863
716	865
700	866
803	866
683	867
852	867
866	867
868	869
677	870
866	870
726	871
842	871
842	872
872	873
842	874
874	875
745	876
815	876
502	877
544	877
786	877
727	878
732	878
733	878
823	878
863	878
781	879
826	880
865	880
879	880
752	881
763	881
676	882
772	882
780	883
797	883
829	884
884	885
709	887
829	887
704	888
720	888
755	888
822	888
830	888
886	888
887	888
691	889
834	889
883	889
749	890
890	891
686	892
864	892
880	892
776	893
892	893
892	894
800	895
834	895
888	896
680	897
696	897
822	898
671	899
686	899
724	899
834	899
824	900
899	900
855	902
863	903
901	903
902	903
684	904
841	904
682	905
851	905
844	906
905	906
831	907
857	908
713	909
755	909
878	909
691	910
889	910
739	911
845	911
674	912
824	912
695	913
712	913
771	913
851	913
906	913
844	914
898	914
695	915
822	915
898	915
914	915
735	916
747	916
761	916
825	916
767	917
680	918
726	918
855	919
883	920
889	920
797	921
908	921
923	924
774	925
779	925
838	925
717	926
731	926
878	927
926	927
685	928
822	928
854	928
916	928
669	930
780	930
921	930
929	930
688	931
693	931
775	931
807	931
860	932
931	932
850	933
861	933
868	933
842	934
869	934
933	934
719	935
829	935
884	935
720	936
842	936
869	936
872	936
778	937
878	937
936	937
765	939
938	939
746	940
762	940
834	940
936	940
938	940
936	941
936	942
755	943
943	944
680	945
726	945
922	945
668	946
882	946
842	947
946	947
704	948
731	948
767	948
773	949
812	949
671	950
899	950
804	951
889	951
923	951
957	958
959	963
962	963
955	964
965	966
958	969
967	969
968	969
976	977
978	979
972	981
982	983
981	984
985	986
985	987
988	989
960	992
959	994
993	994
979	995
995	998
997	998
997	999
998	1000
954	1001
964	1001
985	1002
1001	1002
979	1003
973	1004
997	1004
1004	1005
1001	1006
966	1007
1005	1007
1009	1010
1001	1011
955	1012
961	1012
1001	1012
1009	1012
970	1013
995	1013
1007	1013
1014	1015
966	1018
1017	1018
1012	1021
979	1024
995	1024
1020	1024
1023	1024
1016	1026
990	1028
1002	1029
1028	1029
981	1030
952	1031
991	1031
1031	1032
1011	1033
1025	1033
1012	1035
1034	1035
1037	1038
1039	1040
954	1041
1006	1041
1022	1041
985	1042
1002	1042
1029	1042
1041	1042
1031	1043
1037	1045
956	1047
971	1047
1001	1050
1036	1050
1041	1050
1048	1050
1049	1050
1051	1052
1051	1055
975	1056
1037	1056
1051	1056
1053	1056
1055	1056
1029	1057
1038	1057
1054	1057
1056	1057
1037	1058
1045	1058
1007	1059
981	1060
982	1060
1030	1060
1037	1060
1005	1062
960	1063
1061	1063
977	1064
1063	1064
975	1065
990	1065
1001	1065
1008	1065
1021	1065
1028	1065
1056	1065
1063	1066
979	1067
1019	1069
1068	1069
996	1073
1047	1073
1072	1073
989	1074
1004	1074
1007	1075
1072	1076
1073	1077
1073	1078
1073	1079
1073	1080
1008	1081
1033	1081
1005	1083
1040	1083
1082	1083
953	1085
989	1085
992	1085
1061	1085
1066	1085
963	1086
977	1086
980	1086
1062	1086
1085	1086
959	1087
1027	1087
1075	1087
1086	1087
1087	1088
1086	1089
1013	1090
1086	1090
979	1091
1067	1091
1069	1091
1070	1091
1071	1091
821	1092
1091	1092
1028	1093
952	1094
991	1094
1031	1094
1043	1094
996	1095
1032	1095
1047	1095
1060	1095
1084	1095
1094	1095
971	1096
1073	1096
1037	1097
1045	1097
979	1099
1024	1099
1098	1099
1016	1100
1026	1100
1047	1100
1073	1100
1087	1101
958	1103
970	1103
1014	1103
1062	1103
1064	1103
1086	1103
1102	1103
1092	1104
1103	1104
959	1105
982	1105
1044	1105
1059	1105
1060	1105
1073	1105
1084	1105
1101	1105
1029	1106
1038	1106
1046	1106
1104	1106
1105	1106
1014	1108
1103	1108
1107	1108
959	1109
994	1109
1109	1110
979	1111
995	1111
1013	1111
1099	1111
1105	1111
1024	1112
1026	1113
1028	1114
1044	1114
956	1115
972	1115
978	1115
979	1115
981	1115
1003	1115
1026	1115
1100	1115
1113	1115
1046	1116
1104	1116
1115	1116
953	1117
962	1117
959	1118
974	1118
1035	1118
1027	1119
1105	1119
966	1121
1007	1121
1018	1121
1075	1121
1120	1121
959	1122
961	1122
979	1123
1115	1123
1127	1129
1128	1130
1129	1130
1129	1131
1130	1132
1130	1133
1135	1136
1126	1141
1128	1142
1141	1142
1130	1143
1136	1144
1138	1144
1143	1145
392	1146
1145	1146
1140	1147
1128	1148
1124	1149
1134	1149
1139	1149
1146	1149
1126	1150
1137	1150
1147	1151
1138	1152
1148	1152
1125	1153
1139	1153
1126	1155
1151	1155
1154	1155
1124	1156
1148	1156
505	1157
506	1158
1135	1158
1137	1158
1157	1158
1159	1160
1161	1162
1165	1166
1167	1169
1168	1169
1170	1171
1173	1174
1173	1176
1175	1176
1173	1177
1173	1178
1160	1182
1166	1182
1182	1183
1162	1184
1181	1184
1162	1185
1176	1185
1179	1186
1169	1187
1186	1187
1180	1189
1181	1189
1188	1189
1173	1190
1190	1191
1185	1192
1163	1193
1193	1194
1165	1195
1195	1196
1166	1197
1196	1197
1192	1198
1169	1199
1163	1200
1179	1200
1187	1201
1194	1201
1200	1201
1165	1202
1181	1203
1182	1203
1184	1203
1189	1203
1202	1203
1167	1204
1186	1204
1164	1206
1198	1206
1205	1206
1159	1207
1172	1207
1200	1207
1172	1208
1202	1208
1182	1209
1208	1209
1173	1210
1176	1211
1199	1211
1210	1211
1171	1212
1194	1212
1176	1213
1184	1213
1198	1213
1206	1213
1176	1215
1206	1215
1214	1215
1173	1216
1190	1216
1210	1216
1216	1217
1199	1218
1215	1218
1216	1218
1162	1219
1184	1219
1199	1219
1201	1219
1206	1219
1191	1220
1215	1221
1220	1221
1185	1222
1223	1224
1223	1228
1226	1228
1227	1229
1228	1230
1228	1231
1229	1232
1225	1234
1235	1236
1234	1237
1224	1238
1225	1238
1233	1238
1232	1239
1238	1239
1229	1240
1239	1240
1228	1241
1238	1241
1235	1242
1242	1244
1236	1246
1237	1246
1238	1246
1245	1246
1245	1247
1246	1248
1246	1249
1246	1250
1228	1251
1243	1251
1243	1252
1252	1253
1256	1257
1256	1258
1257	1259
1258	1259
1256	1263
1258	1263
1261	1263
1262	1263
1254	1264
1259	1264
1263	1264
408	1266
1256	1267
1267	1268
1254	1269
1265	1269
1264	1271
1256	1272
1260	1272
1260	1273
1274	1275
1272	1276
1270	1277
1263	1279
1270	1279
1272	1279
989	1280
1260	1280
989	1281
988	1282
1256	1283
1270	1283
1274	1283
1277	1283
1271	1284
1275	1284
1278	1284
1283	1284
1283	1285
1260	1286
1268	1286
1281	1286
1282	1286
1265	1287
1273	1288
1276	1288
1277	1288
1278	1289
1288	1289
1255	1290
1254	1291
1266	1291
1275	1291
1290	1291
1291	1292
1270	1293
1274	1294
1290	1294
1297	1298
1295	1299
1296	1299
1298	1302
1299	1302
1303	1304
1298	1306
1308	1309
1308	1310
1306	1311
1312	1313
1314	1315
142	1319
450	1319
1318	1319
1302	1320
1311	1320
1317	1321
1321	1322
1321	1323
1324	1325
1324	1326
180	1327
1305	1327
1328	1329
1331	1332
1333	1334
1320	1335
1335	1336
1335	1337
1305	1339
1315	1339
1338	1339
1312	1342
1315	1342
1341	1342
1308	1343
1317	1344
1330	1344
1311	1345
1328	1345
1344	1345
1317	1346
1344	1346
1302	1347
1311	1348
1330	1348
1349	1350
1349	1351
1318	1352
1343	1352
495	1353
1319	1353
1350	1353
1352	1353
1300	1354
1304	1354
1355	1356
134	1357
1305	1357
1318	1357
1332	1357
1334	1357
1299	1358
1300	1358
1306	1358
1316	1358
1348	1358
1353	1359
1307	1360
1324	1360
1340	1360
1359	1360
1307	1361
1359	1361
208	1362
1313	1362
1319	1362
1353	1362
1362	1363
1362	1364
1306	1366
1360	1366
1365	1367
1367	1368
1324	1369
1360	1369
1301	1370
1316	1370
1365	1370
1301	1371
1354	1371
1370	1371
1304	1372
1344	1373
1348	1373
1373	1374
1373	1375
1345	1376
1358	1376
1312	1377
1324	1377
1320	1378
1307	1379
1353	1380
1359	1380
1379	1380
1304	1381
1354	1381
489	1382
1316	1382
1329	1382
1370	1382
1356	1383
1365	1383
1370	1383
1229	1384
1239	1384
1253	1384
1307	1384
1378	1384
1379	1384
1384	1385
1384	1386
1384	1387
1304	1388
1354	1388
1372	1388
1347	1389
1379	1389
1300	1390
1329	1390
1370	1390
1376	1390
1042	1391
1353	1391
1390	1391
1312	1392
1324	1392
1340	1392
1360	1392
1361	1392
1377	1392
1358	1393
1360	1393
1366	1393
1164	1395
1394	1395
1221	1396
1395	1396
1396	1397
1164	1398
1401	1402
1394	1403
1173	1404
1216	1404
1405	1406
1405	1407
1127	1408
1403	1409
1407	1409
1396	1410
1409	1410
1398	1411
1394	1412
1400	1412
1129	1413
1414	1415
1406	1416
1179	1417
1414	1418
1417	1418
1417	1419
1398	1420
1404	1420
1401	1421
1394	1422
1423	1424
1403	1425
1203	1427
1402	1427
1426	1427
1404	1428
1407	1428
1215	1429
1428	1429
1220	1430
1407	1430
1409	1430
1428	1430
1398	1432
1426	1432
1425	1433
1201	1434
1415	1435
1220	1436
1411	1436
1399	1437
1408	1437
1408	1438
1433	1438
1400	1439
1422	1439
1439	1440
1403	1441
1438	1441
1412	1442
1413	1442
1130	1443
1140	1443
1395	1443
1440	1443
1442	1443
1398	1444
1439	1444
1152	1445
1399	1445
1130	1447
1395	1447
1443	1447
1446	1447
1414	1448
1416	1449
1448	1449
1431	1450
1445	1450
1421	1451
1423	1451
1451	1452
1164	1453
1424	1453
1451	1453
1398	1454
1451	1454
1163	1457
1201	1457
1212	1460
1397	1461
1460	1461
1460	1462
1461	1463
1458	1465
1212	1467
1465	1467
1466	1467
1457	1469
1134	1472
1471	1472
1473	1474
1473	1475
1470	1476
1475	1476
1475	1477
1476	1478
1207	1480
1458	1480
1414	1481
1455	1481
1395	1483
1460	1483
1481	1483
1482	1483
1483	1484
1474	1485
1458	1486
1464	1486
1459	1487
1468	1487
1467	1488
1487	1488
1481	1489
1479	1490
1465	1491
1479	1491
1459	1492
1491	1492
196	1493
1470	1493
1201	1494
1203	1494
1467	1494
1455	1495
1489	1495
1490	1496
1489	1497
1496	1497
1212	1498
1497	1498
1461	1499
1498	1499
1468	1500
78	1501
1485	1501
1488	1501
1500	1501
1483	1502
1456	1503
1455	1504
1472	1504
1495	1504
1456	1505
1503	1505
1469	1506
1502	1506
1505	1506
524	1508
1507	1508
1509	1510
530	1513
1511	1513
1512	1513
1509	1514
1511	1514
1512	1515
1508	1516
1443	1517
1515	1518
1516	1518
1431	1521
1519	1521
1158	1522
1520	1522
1521	1522
383	1523
1504	1524
1523	1525
1526	1527
389	1528
1527	1528
1528	1530
1532	1534
1533	1534
1536	1537
1536	1538
1531	1539
1539	1540
1540	1541
1540	1542
1539	1543
1544	1545
384	1547
403	1547
1525	1547
1529	1547
1546	1547
1547	1549
1548	1549
1544	1550
1550	1551
1526	1552
1530	1555
1536	1555
1553	1555
1554	1555
536	1556
1529	1556
1544	1557
379	1558
1531	1559
1535	1559
1539	1559
1548	1560
1125	1561
1527	1561
1528	1562
1561	1562
1561	1563
1561	1564
1561	1565
1562	1566
1535	1567
1550	1567
1530	1568
1567	1568
1548	1569
1546	1571
1570	1571
1287	1572
79	1573
1555	1573
1547	1574
1572	1575
1476	1576
1530	1576
1536	1576
1575	1576
1534	1577
1550	1577
1530	1578
1555	1578
1577	1578
1547	1579
1574	1579
1546	1580
1571	1580
1550	1581
1577	1581
1567	1582
1539	1583
1557	1583
1528	1584
1530	1584
1568	1584
1583	1584
1540	1585
1583	1585
1535	1586
1559	1586
1567	1586
1582	1586
1583	1586
1548	1587
1569	1587
391	1588
1561	1588
1587	1588
1524	1589
1534	1589
1526	1590
1552	1590
1558	1590
1587	1590
365	1593
1591	1594
1592	1594
1593	1595
1594	1595
1596	1597
1598	1599
299	1600
1598	1601
1601	1603
1602	1603
365	1604
1593	1604
1604	1605
1606	1607
1592	1608
1606	1608
1593	1609
1608	1610
1609	1610
372	1611
1598	1612
1611	1614
1613	1614
325	1616
1597	1616
1612	1616
1615	1616
1597	1617
1616	1617
696	1618
1617	1620
1618	1620
1619	1620
1618	1622
1621	1622
1606	1623
1597	1624
1622	1624
1623	1624